1 -4658 -969
2 -4608 -984
3 -4899 -896
4 -4829 -910
5 -4661 -966
6 -4787 -911
7 -4595 -990
8 -4533 -1045
9 -4758 -918
10 -4844 -907
11 -4873 -899
12 -4860 -901
13 -4912 -895
14 -4886 -898
15 -4617 -980
16 -4774 -912
17 -4765 -914
18 -4678 -952
19 -4495 -1048
20 -4649 -973
21 -4541 -1007
22 -4667 -953
23 -4494 -1057
24 -4851 -902
25 -4586 -998
26 -4554 -1003
27 -4704 -937
28 -4591 -997
29 -4481 -1061
30 -4628 -975
31 -4711 -935
32 -4698 -938
33 -4572 -999
34 -4715 -928
35 -4832 -908
36 -4683 -946
37 -4691 -941
