tRNA-THR([[][]]51309)([[][][]]38429)([[[][]][]]5209)([][[][]]918)([][][]756)([[][]][]442)([][]386)([[][][][]]182)([]126)([[][[][]]]65)([][[][][]]54)([[[][][]][]]17)([[][]][][]11)([[][[][][]]]11)([[[[][]][]][]]9)([[][][[][]]]5)([[[][]][][]]4)([[][[][]][]]4)
tRNA-LYS([[][]]21893)([[[][]][]]21475)([[][]][]17373)([[][][]]10898)([][[][]]8181)([[[][]][]][]8088)([][]7036)([[][][]][]1395)([[][[][]]]1340)([][][[][]]369)([[][]][][]322)([]289)([][][][]200)([[[][]][][]]197)([][][]86)([[][][][]]29)([][[][][]]21)([[][]][[][]]13)([][][][][]10)([[][[][]]][]8)([[][[][]][]]5)([][[][[][]]]4)([][[][]][]3)([][][][[][]]2)([][[[][]][]]1)
tRNA-PHE([[][]]50027)([[][][]]20249)([][[][]]10255)([[[][]][]]7352)([][]7086)([[][]][]1113)([[][[][]]]1067)([][][]539)([]109)([[][][][]]101)([][][][]31)([[][]][][]20)([][[][][]]17)([[][][[][]]]8)([[[][]][][]]7)([[[][]][]][]4)([[][][]][]3)([[][[][[][]]]]1)
tRNA-GLU([[][][]]77847)([[][]]10538)([[[][]][]]3876)([[][[][]]]2260)([][][]1160)([][[][]]546)([[][][][]]403)([][]379)([]227)([[[][]][][]]190)([[][][]][]136)([][[][]][]25)([[][[][]][]]24)([][][][]9)([[][]][]8)([][[][[][]]]8)([[][[][][]]]6)([[][]][][]5)([[][][[][]]]2)
tRNA-ASN([][[][]]61746)([[][][]]17332)([[][]]6770)([[][]][][]4367)([[][[][]]]3132)([]1804)([[][][][]]1026)([][][]824)([][[][][]]749)([[][]][]665)([[[][]][][]]242)([[[][]][]]222)([][]191)([][[[][]][]]144)([[][][[][]]]100)([[][]][[][]]57)([][][][]31)([][][][][]23)([][[][]][]17)([[][][]][]14)([][][[][]]12)([[[][][]][]]10)([[][[][][]]]8)([][[][[][]]]8)([[][]][][][]7)([[][[][]][]]7)([[[][]][]][]6)([][[][]][][]3)([][][[][][]]3)([[][][][][]]2)([][][[][]][]1)
tRNA-MET([[][]]75572)([[][]][][]6914)([][][]5417)([[][][]]3085)([[[][]][]]2149)([]1776)([][]1409)([][[][]]1173)([[][[][]]]651)([][][][]116)([][][[][]]99)([[][]][]44)([[][][][]]7)([][[][]][]5)([][[][[][]]]4)([][][][[][]]2)([][][[][]][]1)
tRNA-GLY([[[][]][]]44227)([[][][]]35892)([[][]]13155)([][]3228)([][[][]]1223)([[][[][]]]566)([][][]280)([[][][][]]198)([[[][][]][]]71)([][[][][]]22)([]22)([[][]][][]11)([[][[][]][]]10)([[][]][]9)([[[][]][][]]8)([][[][[][]]]5)([][][][]4)([][[][][[][]]]2)([[][[][][]]]2)([][][][[][]]1)([[][]][[][]]1)
tRNA-VAL([[][]]85213)([[[][]][]]12752)([]313)([[][][]]243)([][[][]]110)([[][]][]70)([[[][]][][]]20)([[[][][]][]]17)([][[][][]]15)([][]9)([[][[][]][]]9)([[][][][]]8)([[][[][]]]5)([[[][]][]][]4)([][][]2)([[][]][][]1)([][[[][]][]]1)
tRNA-ALA([[][]]94242)([]1626)([][]990)([[][][]]854)([[][]][]693)([[[][]][]]580)([][][]469)([[][[][]]]225)([[[][]][][]]49)([[][][][]]8)([[[][][]][]]4)([[][]][][]2)([][][][]1)
tRNA-ARG([[][][]]56999)([[][]][][]11771)([][[][]]9713)([[][]]8837)([][][]2517)([][][][]979)([[][][]][]931)([[][[][]]]591)([][]344)([[][][][]]79)([[][]][]75)([[][]][[][]]60)([[[][]][]]50)([][[][]][]31)([][[][][]]16)([[[][][]][]]15)([][][][][]6)([[][[][]][]]4)([][][[][]]2)([[][][[][]]]2)
tRNA-ASP([[[][]][]]34617)([[][][]]23839)([][[][]]19468)([]8032)([[][]]4892)([[][[][]]]4122)([[][][][]]1080)([[][[][]][]]802)([][]603)([][][[][]]374)([][][]262)([][[][]][]247)([][][][]176)([[][][]][]96)([][[][[][]]]68)([[[][[][]]][]]63)([][[][][]]44)([[][]][][]33)([[][]][[][]]30)([[[][][]][]]26)([[[][]][][]]22)([[][]][]6)([[[][]][]][]1)([[][][][]][]1)([[][[][][]]]1)
tRNA-HIS([[][]]64881)([[][][]]19232)([[][]][]5777)([]2567)([][]2201)([[[][]][]]1707)([[][[][]]]924)([[][][]][]308)([[][][][]]70)([[[][]][][]]51)([][][]44)([[[][]][]][]32)([][[][]]25)([[][[][]][]]21)([][][][]17)([[][[][]]][]7)([[][]][[][]]6)([[][]][][]5)([[][]][][][]2)
tRNA-ILE([[][]]81763)([[[][]][]]6528)([[][][]]2942)([][[][]]2477)([][][]1568)([][]630)([[][[][]]]50)([][[][[][]]]21)([[[][][]][]]20)([[][]][]8)([[[][]][][]]3)([[][][][]]1)
tRNA-TRP([][[][]]37866)([[][][]]18994)([[][]]15690)([][]11002)([[[][]][]]6496)([[][[][]]]2914)([]2825)([[][][][]]904)([][][][]840)([[[][]][][]]775)([[][][]][]215)([[][]][]80)([][[][]][]61)([][[][][]]56)([][][]53)([[][[][][]]]40)([][[][[][]]]7)([[][][[][]]]6)([[[][][]][]]6)([[][[][]][]]4)([[][[][]]][]3)([][][[][]]1)([[[][]][]][]1)